22 0.398515 0.411703 0.066832 0.118968
14 0.472772 0.400550 0.069307 0.115251
17 0.542079 0.392185 0.061881 0.120827
10 0.608292 0.385679 0.060644 0.115251
7 0.391708 0.545543 0.070545 0.122686
14 0.468441 0.539037 0.070545 0.117110
20 0.547649 0.532530 0.077970 0.130122
18 0.625619 0.522307 0.073020 0.120827
4 0.697401 0.508365 0.063119 0.115251
14 0.373144 0.715630 0.070545 0.146852
5 0.457921 0.702618 0.066832 0.131981
5 0.542698 0.688676 0.075495 0.130122
8 0.631188 0.678453 0.074257 0.131981
2 0.710396 0.667299 0.071782 0.143134
4 0.793936 0.658934 0.080446 0.137557