22 0.629538 0.273801 0.036304 0.091588
4 0.667079 0.272222 0.033828 0.088430
18 0.707921 0.272222 0.036304 0.088430
19 0.745875 0.273801 0.036304 0.091588
18 0.806931 0.273801 0.036304 0.094746
8 0.843234 0.275380 0.034653 0.094746
3 0.881188 0.277749 0.039604 0.099484
4 0.920792 0.276170 0.034653 0.096325
1 0.660066 0.408815 0.033003 0.090009
17 0.696782 0.410394 0.032178 0.093167
4 0.734736 0.411973 0.033828 0.096325
22 0.775578 0.410394 0.036304 0.093167
8 0.815182 0.407235 0.033003 0.090009
13 0.854373 0.408815 0.037129 0.093167
6 0.891914 0.411973 0.034653 0.096325
1 0.591584 0.548565 0.036304 0.091588
17 0.629538 0.549355 0.034653 0.093167
0 0.666667 0.546986 0.034653 0.088430
8 0.706271 0.544618 0.033003 0.086851
11 0.745050 0.547776 0.034653 0.086851
11 0.783416 0.548565 0.035479 0.088430
4 0.823845 0.546197 0.037129 0.090009
0 0.886551 0.544618 0.037129 0.090009
11 0.925330 0.546986 0.035479 0.094746
4 0.962871 0.543039 0.034653 0.086851