18 0.061792 0.346543 0.046127 0.082631
19 0.112964 0.347386 0.047569 0.091062
8 0.160533 0.343170 0.044686 0.086003
2 0.210264 0.340641 0.049010 0.084317
10 0.263598 0.341484 0.051893 0.092749
22 0.361618 0.334739 0.057659 0.102867
8 0.425043 0.329680 0.060542 0.102867
19 0.489189 0.332209 0.059100 0.107926
7 0.551893 0.326307 0.069191 0.112985
11 0.665049 0.320405 0.061983 0.107926
14 0.745051 0.319562 0.074957 0.119730
21 0.828656 0.314503 0.077840 0.123103
4 0.918028 0.308600 0.077840 0.131535
0 0.051701 0.626476 0.046127 0.086003
1 0.115126 0.629005 0.043244 0.080944
20 0.161253 0.637437 0.049010 0.094435
17 0.210984 0.641653 0.047569 0.099494
3 0.266481 0.645025 0.057659 0.102867
4 0.321257 0.649241 0.046127 0.104553
13 0.376033 0.654300 0.054776 0.104553
19 0.482702 0.665261 0.060542 0.102867
14 0.551893 0.667791 0.074957 0.111298
1 0.668653 0.673693 0.072074 0.109612
4 0.746492 0.679595 0.074957 0.111298
0 0.827936 0.689713 0.070632 0.121417
17 0.911541 0.701518 0.076398 0.128162