12 0.196062 0.550045 0.028271 0.056542
0 0.225449 0.551037 0.024551 0.054558
10 0.259672 0.552029 0.029015 0.054558
4 0.292407 0.552029 0.031991 0.054558
18 0.341509 0.550541 0.030503 0.051582
14 0.372384 0.551037 0.026783 0.052574
12 0.404747 0.552029 0.030503 0.054558
4 0.436365 0.550541 0.028271 0.055550
14 0.467240 0.551037 0.027527 0.058526
13 0.497743 0.550045 0.030503 0.058526
4 0.530478 0.550045 0.029015 0.058526
18 0.581440 0.550541 0.028271 0.051582
12 0.611943 0.551037 0.028271 0.052574
8 0.643562 0.550541 0.029015 0.055550
11 0.675925 0.551533 0.026783 0.059518
4 0.707916 0.549549 0.031247 0.057534