5 0.285680 0.378583 0.079378 0.123103
0 0.372995 0.378583 0.076203 0.119730
19 0.458723 0.377740 0.082553 0.121417
8 0.543658 0.376897 0.074615 0.119730
12 0.627799 0.376897 0.084141 0.116358
0 0.710352 0.377740 0.071440 0.114671
12 0.327750 0.510118 0.080966 0.119730
4 0.413478 0.510118 0.077790 0.112985
10 0.503175 0.509275 0.076203 0.118044
10 0.586522 0.511804 0.074615 0.119730
0 0.668281 0.510961 0.082553 0.118044
11 0.235671 0.645868 0.077790 0.128162
14 0.326162 0.645025 0.084141 0.126476
20 0.410303 0.645868 0.077790 0.128162
17 0.496031 0.649241 0.084141 0.134907
3 0.585728 0.645868 0.082553 0.128162
4 0.671456 0.645868 0.082553 0.134907
18 0.762741 0.642496 0.084141 0.134907