22 0.362005 0.116673 0.058168 0.124275
14 0.431931 0.120173 0.061881 0.134777
17 0.499381 0.117548 0.060644 0.122525
11 0.569307 0.121048 0.064356 0.129526
3 0.637995 0.117548 0.065594 0.129526
1 0.294554 0.314463 0.064356 0.134777
17 0.362624 0.315338 0.066832 0.136528
0 0.433787 0.311837 0.063119 0.126025
8 0.500619 0.316213 0.058168 0.127776
11 0.566832 0.317088 0.059406 0.129526
11 0.635520 0.314463 0.063119 0.131277
4 0.705446 0.312712 0.064356 0.127776
3 0.430074 0.505251 0.065594 0.124275
0 0.500000 0.507877 0.061881 0.126025
24 0.569926 0.505251 0.060644 0.120774