2 0.538812 0.921097 0.029429 0.053253
11 0.574454 0.921985 0.028775 0.055028
0 0.608461 0.920653 0.031391 0.050590
15 0.645738 0.920209 0.032699 0.055028
22 0.255572 0.626076 0.032699 0.067454
8 0.292849 0.622970 0.032699 0.061241
13 0.327837 0.618088 0.033353 0.053253
10 0.364460 0.610988 0.033353 0.051478
18 0.649802 0.448490 0.029935 0.046758
12 0.685949 0.456922 0.034453 0.051357
8 0.720685 0.460754 0.031629 0.052890
11 0.750902 0.466503 0.027675 0.052123
4 0.784225 0.468803 0.036712 0.049057