22 0.043936 0.350454 0.040842 0.086634
7 0.087871 0.350454 0.042079 0.086634
24 0.136139 0.348391 0.044554 0.086634
22 0.228960 0.349422 0.042079 0.088696
4 0.276609 0.349422 0.040842 0.088696
20 0.368812 0.347360 0.034653 0.092822
18 0.418317 0.347360 0.042079 0.088696
4 0.461015 0.347360 0.038366 0.092822
1 0.556931 0.350454 0.039604 0.090759
17 0.600866 0.348391 0.040842 0.090759
0 0.646272 0.346277 0.042543 0.091533
8 0.695777 0.345632 0.045637 0.087665
11 0.741027 0.346921 0.040223 0.090243
11 0.784731 0.348211 0.039449 0.092822
4 0.829981 0.350789 0.043317 0.092822
14 0.923577 0.351434 0.040223 0.096689
13 0.968827 0.353367 0.042543 0.100557
2 0.017481 0.467074 0.034962 0.087665
14 0.057395 0.467074 0.038676 0.085087
14 0.100712 0.465140 0.043317 0.081219
15 0.147123 0.465140 0.038676 0.083797
1 0.244199 0.468363 0.040996 0.090243
17 0.287129 0.464496 0.040223 0.082508
0 0.333926 0.462562 0.042543 0.078641
13 0.381498 0.465140 0.046411 0.081219
3 0.428295 0.464496 0.042543 0.082508
4 0.472386 0.468363 0.042543 0.087665
3 0.515316 0.465140 0.040223 0.083797
15 0.613518 0.465140 0.039191 0.093968
0 0.656834 0.462848 0.035066 0.089384
2 0.702902 0.462848 0.035066 0.087092
10 0.751031 0.464567 0.039191 0.085946
0 0.797442 0.464567 0.037129 0.088238
6 0.842478 0.465713 0.037816 0.095114
8 0.888545 0.462848 0.039191 0.084800
13 0.933925 0.463994 0.036441 0.087092
6 0.977585 0.463421 0.037129 0.088238