9 0.213322 0.382799 0.047218 0.064081
4 0.260540 0.392074 0.043845 0.072513
13 0.301855 0.397976 0.035413 0.067454
13 0.348229 0.397976 0.043845 0.064081
8 0.395447 0.397976 0.047218 0.064081
5 0.438449 0.398820 0.038786 0.065767
4 0.483137 0.395447 0.043845 0.059022
17 0.530354 0.390388 0.047218 0.059022
9 0.436762 0.646712 0.048904 0.072513
4 0.481450 0.645868 0.037099 0.074199
13 0.524452 0.656830 0.045531 0.072513
13 0.571669 0.661889 0.042159 0.069140
8 0.618887 0.661046 0.045531 0.067454
5 0.663575 0.661046 0.043845 0.060708
4 0.709106 0.655987 0.043845 0.064081
17 0.751265 0.651771 0.040472 0.055649