18 0.228969 0.318123 0.079649 0.108124
8 0.316787 0.318619 0.075564 0.107132
23 0.410221 0.318123 0.086797 0.112092
19 0.503656 0.318619 0.079649 0.107132
24 0.594537 0.317131 0.083734 0.104156
19 0.226927 0.439639 0.071480 0.109116
7 0.320872 0.440631 0.079649 0.105148
17 0.412774 0.442119 0.079649 0.102172
4 0.501103 0.442615 0.078628 0.107132
4 0.593516 0.444103 0.077607 0.108124
5 0.228969 0.564131 0.079649 0.110108
4 0.317808 0.566114 0.073522 0.114076
11 0.409711 0.564627 0.077607 0.107132
19 0.500082 0.567602 0.082712 0.113084
2 0.233053 0.691102 0.085776 0.120028
8 0.320872 0.690606 0.079649 0.111100
17 0.407668 0.693582 0.077607 0.117052
2 0.499571 0.693582 0.077607 0.115068
11 0.593005 0.695070 0.082712 0.112092
4 0.680313 0.691102 0.071480 0.102172
18 0.771705 0.699038 0.088839 0.112092