1 0.046839 0.221820 0.034273 0.099010
17 0.091108 0.226580 0.042841 0.112338
0 0.130617 0.226580 0.034273 0.112338
8 0.168698 0.232292 0.036177 0.108530
11 0.207730 0.236101 0.034273 0.100914
11 0.246287 0.234196 0.033321 0.108530
4 0.286272 0.233244 0.037129 0.106626
13 0.348629 0.231340 0.041889 0.118050
0 0.385758 0.229436 0.030465 0.114242
12 0.428123 0.234196 0.033321 0.093298
4 0.466203 0.228484 0.035225 0.100914
6 0.524752 0.236101 0.038081 0.100914
4 0.565689 0.232292 0.038081 0.104722
13 0.606150 0.230388 0.035225 0.100914
4 0.643279 0.231340 0.035225 0.087586
17 0.683740 0.228484 0.036177 0.097106
0 0.722296 0.225628 0.031417 0.095202
19 0.762376 0.232864 0.038081 0.099010
14 0.802837 0.233816 0.040937 0.100914
17 0.840442 0.231912 0.038081 0.100914