1 0.400740 0.407381 0.046952 0.051239
11 0.450207 0.407705 0.045275 0.053185
14 0.496320 0.408030 0.045275 0.049942
14 0.548303 0.407705 0.045275 0.047996
3 0.596512 0.407705 0.042760 0.049293
18 0.399482 0.500454 0.044436 0.050590
22 0.452722 0.500130 0.046952 0.048644
4 0.500093 0.501103 0.042760 0.049293
0 0.546626 0.500778 0.041921 0.049942
19 0.598608 0.501103 0.048629 0.051887
19 0.401578 0.591257 0.046952 0.050590
4 0.451465 0.590933 0.046113 0.051239
0 0.499674 0.591906 0.045275 0.050590
17 0.548303 0.592230 0.043598 0.049942
18 0.600285 0.593203 0.050305 0.051887