22.000000 0.398515 0.441213 0.066832 0.079208
14.000000 0.472772 0.433787 0.069307 0.076733
17.000000 0.542079 0.428218 0.061881 0.080445
10.000000 0.608292 0.423886 0.060644 0.076733
7.000000 0.391708 0.530322 0.070545 0.081683
14.000000 0.468441 0.525990 0.070545 0.077971
20.000000 0.547649 0.521658 0.077970 0.086634
18.000000 0.625619 0.514852 0.073020 0.080445
4.000000 0.697401 0.505569 0.063119 0.076733
14.000000 0.373144 0.643564 0.070545 0.097773
5.000000 0.457921 0.634901 0.066832 0.087872
5.000000 0.542698 0.625619 0.075495 0.086634
8.000000 0.631188 0.618812 0.074257 0.087872
2.000000 0.710396 0.611386 0.071782 0.095297
4.000000 0.793936 0.605817 0.080446 0.091584
