19.000000 0.311624 0.611625 0.026011 0.035527
4.000000 0.342710 0.610674 0.023473 0.036161
11.000000 0.373162 0.610991 0.024742 0.036796
4.000000 0.406786 0.611942 0.026011 0.037430
2.000000 0.439141 0.612577 0.026011 0.038699
14.000000 0.469593 0.612894 0.023473 0.038065
12.000000 0.499410 0.612259 0.023473 0.038065
17.000000 0.562217 0.612259 0.024742 0.040602
14.000000 0.592986 0.611625 0.024108 0.040602
14.000000 0.625976 0.611625 0.024108 0.039333
12.000000 0.656745 0.611942 0.024742 0.039968
