18.000000 0.061792 0.368826 0.046127 0.070633
19.000000 0.112964 0.369546 0.047569 0.077839
8.000000 0.160533 0.365943 0.044686 0.073515
2.000000 0.210264 0.363781 0.049010 0.072074
10.000000 0.263598 0.364501 0.051893 0.079281
22.000000 0.361618 0.358736 0.057659 0.087930
8.000000 0.425043 0.354411 0.060542 0.087930
19.000000 0.489189 0.356573 0.059100 0.092255
7.000000 0.551893 0.351528 0.069191 0.096579
11.000000 0.665049 0.346483 0.061983 0.092255
14.000000 0.745051 0.345763 0.074957 0.102345
21.000000 0.828656 0.341438 0.077840 0.105228
4.000000 0.918028 0.336392 0.077840 0.112435
0.000000 0.051701 0.608111 0.046127 0.073515
1.000000 0.115126 0.610273 0.043244 0.069190
20.000000 0.161253 0.617480 0.049010 0.080722
17.000000 0.210984 0.621084 0.047569 0.085047
3.000000 0.266481 0.623967 0.057659 0.087930
4.000000 0.321257 0.627570 0.046127 0.089371
13.000000 0.376033 0.631895 0.054776 0.089371
19.000000 0.482702 0.641264 0.060542 0.087930
14.000000 0.551893 0.643427 0.074957 0.095137
1.000000 0.668653 0.648472 0.072074 0.093696
4.000000 0.746492 0.653517 0.074957 0.095137
0.000000 0.827936 0.662166 0.070632 0.103787
17.000000 0.911541 0.672256 0.076398 0.109552
