22.000000 0.362005 0.228961 0.058168 0.087871
14.000000 0.431931 0.231435 0.061881 0.095297
17.000000 0.499381 0.229579 0.060644 0.086634
11.000000 0.569307 0.232054 0.064356 0.091584
3.000000 0.637995 0.229579 0.065594 0.091584
1.000000 0.294554 0.368812 0.064356 0.095297
17.000000 0.362624 0.369431 0.066832 0.096535
0.000000 0.433787 0.366955 0.063119 0.089109
8.000000 0.500619 0.370050 0.058168 0.090347
11.000000 0.566832 0.370668 0.059406 0.091584
11.000000 0.635520 0.368812 0.063119 0.092822
4.000000 0.705446 0.367574 0.064356 0.090347
3.000000 0.430074 0.503713 0.065594 0.087871
0.000000 0.500000 0.505570 0.061881 0.089109
24.000000 0.569926 0.503713 0.060644 0.085396
