1.000000 0.423214 0.407381 0.036321 0.051239
11.000000 0.461481 0.407705 0.035024 0.053185
14.000000 0.497153 0.408030 0.035024 0.049942
14.000000 0.537367 0.407705 0.035024 0.047996
3.000000 0.574660 0.407705 0.033078 0.049293
18.000000 0.422241 0.500454 0.034375 0.050590
22.000000 0.463426 0.500130 0.036321 0.048644
4.000000 0.500072 0.501103 0.033078 0.049293
0.000000 0.536069 0.500778 0.032430 0.049942
19.000000 0.576282 0.501103 0.037619 0.051887
19.000000 0.423862 0.591257 0.036321 0.050590
4.000000 0.462454 0.590933 0.035672 0.051239
0.000000 0.499748 0.591906 0.035024 0.050590
17.000000 0.537367 0.592230 0.033727 0.049942
18.000000 0.577579 0.593203 0.038915 0.051887
