1.000000 0.046839 0.360910 0.034273 0.049505
17.000000 0.091108 0.363290 0.042841 0.056169
0.000000 0.130617 0.363290 0.034273 0.056169
8.000000 0.168698 0.366146 0.036177 0.054265
11.000000 0.207730 0.368050 0.034273 0.050457
11.000000 0.246287 0.367098 0.033321 0.054265
4.000000 0.286272 0.366622 0.037129 0.053313
13.000000 0.348629 0.365670 0.041889 0.059025
0.000000 0.385758 0.364718 0.030465 0.057121
12.000000 0.428123 0.367098 0.033321 0.046649
4.000000 0.466203 0.364242 0.035225 0.050457
6.000000 0.524752 0.368050 0.038081 0.050457
4.000000 0.565689 0.366146 0.038081 0.052361
13.000000 0.606150 0.365194 0.035225 0.050457
4.000000 0.643279 0.365670 0.035225 0.043793
17.000000 0.683740 0.364242 0.036177 0.048553
0.000000 0.722296 0.362814 0.031417 0.047601
19.000000 0.762376 0.366432 0.038081 0.049505
14.000000 0.802837 0.366908 0.040937 0.050457
17.000000 0.840442 0.365956 0.038081 0.050457
