22.000000 0.043936 0.410272 0.040842 0.051980
7.000000 0.087871 0.410272 0.042079 0.051980
24.000000 0.136139 0.409035 0.044554 0.051980
22.000000 0.228960 0.409653 0.042079 0.053218
4.000000 0.276609 0.409653 0.040842 0.053218
20.000000 0.368812 0.408416 0.034653 0.055693
18.000000 0.418317 0.408416 0.042079 0.053218
4.000000 0.461015 0.408416 0.038366 0.055693
1.000000 0.556931 0.410272 0.039604 0.054455
17.000000 0.600866 0.409035 0.040842 0.054455
0.000000 0.646272 0.407766 0.042543 0.054920
8.000000 0.695777 0.407379 0.045637 0.052599
11.000000 0.741027 0.408153 0.040223 0.054146
11.000000 0.784731 0.408927 0.039449 0.055693
4.000000 0.829981 0.410473 0.043317 0.055693
14.000000 0.923577 0.410860 0.040223 0.058013
13.000000 0.968827 0.412020 0.042543 0.060334
2.000000 0.017481 0.480244 0.034962 0.052599
14.000000 0.057395 0.480244 0.038676 0.051052
14.000000 0.100712 0.479084 0.043317 0.048731
15.000000 0.147123 0.479084 0.038676 0.050278
1.000000 0.244199 0.481018 0.040996 0.054146
17.000000 0.287129 0.478698 0.040223 0.049505
0.000000 0.333926 0.477537 0.042543 0.047185
13.000000 0.381498 0.479084 0.046411 0.048731
3.000000 0.428295 0.478698 0.042543 0.049505
4.000000 0.472386 0.481018 0.042543 0.052599
3.000000 0.515316 0.479084 0.040223 0.050278
15.000000 0.613518 0.479084 0.039191 0.056381
0.000000 0.656834 0.477709 0.035066 0.053630
2.000000 0.702902 0.477709 0.035066 0.052255
10.000000 0.751031 0.478740 0.039191 0.051568
0.000000 0.797442 0.478740 0.037129 0.052943
6.000000 0.842478 0.479428 0.037816 0.057068
8.000000 0.888545 0.477709 0.039191 0.050880
13.000000 0.933925 0.478396 0.036441 0.052255
6.000000 0.977585 0.478053 0.037129 0.052943
