22.000000 0.629538 0.381811 0.036304 0.047855
4.000000 0.667079 0.380986 0.033828 0.046205
18.000000 0.707921 0.380986 0.036304 0.046205
19.000000 0.745875 0.381811 0.036304 0.047855
18.000000 0.806931 0.381811 0.036304 0.049505
8.000000 0.843234 0.382636 0.034653 0.049505
3.000000 0.881188 0.383874 0.039604 0.051980
4.000000 0.920792 0.383049 0.034653 0.050330
1.000000 0.660066 0.452356 0.033003 0.047030
17.000000 0.696782 0.453181 0.032178 0.048680
4.000000 0.734736 0.454006 0.033828 0.050330
22.000000 0.775578 0.453181 0.036304 0.048680
8.000000 0.815182 0.451530 0.033003 0.047030
13.000000 0.854373 0.452356 0.037129 0.048680
6.000000 0.891914 0.454006 0.034653 0.050330
1.000000 0.591584 0.525375 0.036304 0.047855
17.000000 0.629538 0.525788 0.034653 0.048680
0.000000 0.666667 0.524550 0.034653 0.046205
8.000000 0.706271 0.523313 0.033003 0.045380
11.000000 0.745050 0.524963 0.034653 0.045380
11.000000 0.783416 0.525375 0.035479 0.046205
4.000000 0.823845 0.524138 0.037129 0.047030
0.000000 0.886551 0.523313 0.037129 0.047030
11.000000 0.925330 0.524550 0.035479 0.049505
4.000000 0.962871 0.522488 0.034653 0.045380
