12.000000 0.407589 0.328836 0.033727 0.047218
8.000000 0.441315 0.329680 0.033727 0.052277
17.000000 0.475885 0.328836 0.035413 0.050590
0.000000 0.510455 0.328836 0.037099 0.047218
2.000000 0.545868 0.329680 0.033727 0.052277
11.000000 0.578752 0.329680 0.035413 0.048904
4.000000 0.611636 0.332209 0.037099 0.053963
22.000000 0.422934 0.382462 0.030354 0.045868
14.000000 0.458685 0.384148 0.033052 0.047892
17.000000 0.494435 0.384148 0.031703 0.046543
10.000000 0.528836 0.384486 0.033052 0.048567
4.000000 0.564250 0.385160 0.032378 0.049916
17.000000 0.596627 0.385497 0.032378 0.050590
