1.000000 0.235245 0.154300 0.091062 0.129848
20.000000 0.332209 0.156830 0.099494 0.134907
1.000000 0.427487 0.158516 0.080944 0.138280
1.000000 0.514334 0.161046 0.092749 0.136594
0.000000 0.603710 0.158516 0.086003 0.131535
1.000000 0.174536 0.437605 0.084317 0.126476
14.000000 0.270658 0.439292 0.097808 0.119730
14.000000 0.375211 0.440135 0.097808 0.124789
6.000000 0.478078 0.440978 0.094435 0.123103
8.000000 0.580944 0.440978 0.097808 0.119730
4.000000 0.677909 0.437605 0.096121 0.112985
6.000000 0.160202 0.731029 0.099494 0.153457
17.000000 0.268128 0.734401 0.112985 0.150084
0.000000 0.365936 0.739460 0.092749 0.153457
13.000000 0.475548 0.746206 0.116358 0.160202
13.000000 0.584317 0.754637 0.101180 0.153457
24.000000 0.691400 0.767285 0.106239 0.168634
