12.000000 0.196062 0.537534 0.028271 0.042406
0.000000 0.225449 0.538278 0.024551 0.040918
10.000000 0.259672 0.539022 0.029015 0.040918
4.000000 0.292407 0.539022 0.031991 0.040918
18.000000 0.341509 0.537906 0.030503 0.038687
14.000000 0.372384 0.538278 0.026783 0.039431
12.000000 0.404747 0.539022 0.030503 0.040918
4.000000 0.436365 0.537906 0.028271 0.041663
14.000000 0.467240 0.538278 0.027527 0.043894
13.000000 0.497743 0.537534 0.030503 0.043894
4.000000 0.530478 0.537534 0.029015 0.043894
18.000000 0.581440 0.537906 0.028271 0.038687
12.000000 0.611943 0.538278 0.028271 0.039431
8.000000 0.643562 0.537906 0.029015 0.041663
11.000000 0.675925 0.538650 0.026783 0.044638
4.000000 0.707916 0.537162 0.031247 0.043151
