18.000000 0.236713 0.318123 0.077373 0.108124
8.000000 0.322022 0.318619 0.073405 0.107132
23.000000 0.412786 0.318123 0.084317 0.112092
19.000000 0.503552 0.318619 0.077373 0.107132
24.000000 0.591836 0.317131 0.081342 0.104156
19.000000 0.234729 0.439639 0.069438 0.109116
7.000000 0.325990 0.440631 0.077373 0.105148
17.000000 0.415266 0.442119 0.077373 0.102172
4.000000 0.501071 0.442615 0.076382 0.107132
4.000000 0.590844 0.444103 0.075390 0.108124
5.000000 0.236713 0.564131 0.077373 0.110108
4.000000 0.323013 0.566114 0.071421 0.114076
11.000000 0.412291 0.564627 0.075390 0.107132
19.000000 0.500080 0.567602 0.080349 0.113084
2.000000 0.240680 0.691102 0.083325 0.120028
8.000000 0.325990 0.690606 0.077373 0.111100
17.000000 0.410306 0.693582 0.075390 0.117052
2.000000 0.499583 0.693582 0.075390 0.115068
11.000000 0.590348 0.695070 0.080349 0.112092
4.000000 0.675161 0.691102 0.069438 0.102172
18.000000 0.763942 0.699038 0.086301 0.112092
