11.000000 0.369319 0.430699 0.040175 0.058253
14.000000 0.412171 0.423669 0.041514 0.052227
21.000000 0.452681 0.420990 0.040844 0.056244
4.000000 0.493860 0.412620 0.041514 0.048879
8.000000 0.560148 0.402577 0.042853 0.056914
18.000000 0.604340 0.399563 0.040175 0.061601
1.000000 0.398445 0.606128 0.046201 0.063610
11.000000 0.450672 0.603784 0.042183 0.065619
8.000000 0.503234 0.597089 0.046870 0.061601
13.000000 0.559143 0.592067 0.046201 0.066288
3.000000 0.617397 0.583697 0.048879 0.065619
