2.000000 0.538812 0.810282 0.029429 0.039239
11.000000 0.574454 0.810936 0.028775 0.040547
0.000000 0.608461 0.809955 0.031391 0.037277
15.000000 0.645738 0.809628 0.032699 0.040547
22.000000 0.255572 0.592898 0.032699 0.049703
8.000000 0.292849 0.590609 0.032699 0.045125
13.000000 0.327837 0.587012 0.033353 0.039239
10.000000 0.364460 0.581781 0.033353 0.037931
18.000000 0.649802 0.462045 0.029935 0.034453
12.000000 0.685949 0.468258 0.034453 0.037842
8.000000 0.720685 0.471082 0.031629 0.038972
11.000000 0.750902 0.475318 0.027675 0.038406
4.000000 0.784225 0.477013 0.036712 0.036147
