5.000000 0.285680 0.385695 0.079378 0.115892
0.000000 0.372995 0.385695 0.076203 0.112716
19.000000 0.458723 0.384902 0.082553 0.114305
8.000000 0.543658 0.384108 0.074615 0.112717
12.000000 0.627799 0.384108 0.084141 0.109542
0.000000 0.710352 0.384902 0.071440 0.107954
12.000000 0.327750 0.509525 0.080966 0.112717
4.000000 0.413478 0.509525 0.077790 0.106367
10.000000 0.503175 0.508732 0.076203 0.111129
10.000000 0.586522 0.511113 0.074615 0.112717
0.000000 0.668281 0.510319 0.082553 0.111129
11.000000 0.235671 0.637323 0.077790 0.120655
14.000000 0.326162 0.636530 0.084141 0.119067
20.000000 0.410303 0.637323 0.077790 0.120655
17.000000 0.496031 0.640499 0.084141 0.127005
3.000000 0.585728 0.637323 0.082553 0.120655
4.000000 0.671456 0.637323 0.082553 0.127005
18.000000 0.762741 0.634149 0.084141 0.127005
