14.000000 0.120573 0.448567 0.070826 0.091062
11.000000 0.187184 0.450253 0.048904 0.087690
8.000000 0.241147 0.447723 0.048904 0.075885
21.000000 0.297639 0.447723 0.064081 0.079258
8.000000 0.358347 0.446880 0.047218 0.077572
0.000000 0.406408 0.446880 0.042159 0.080944
14.000000 0.598651 0.555649 0.059022 0.079258
11.000000 0.651771 0.557336 0.047218 0.086003
8.000000 0.704047 0.555649 0.047218 0.079258
21.000000 0.768971 0.552277 0.055649 0.079258
8.000000 0.830523 0.550590 0.053963 0.082631
0.000000 0.885329 0.552277 0.042159 0.089376
