1.000000 0.222153 0.485149 0.087871 0.122525
17.000000 0.332921 0.486386 0.094059 0.127476
0.000000 0.439975 0.483911 0.087871 0.122525
8.000000 0.563119 0.487005 0.091584 0.126238
11.000000 0.667698 0.486386 0.087871 0.127476
11.000000 0.777847 0.485149 0.097772 0.129950
4.000000 0.892946 0.484530 0.102723 0.136139
3.000000 0.224629 0.632426 0.092822 0.129950
14.000000 0.334777 0.634282 0.090347 0.131188
6.000000 0.447401 0.631188 0.095297 0.132426
19.000000 0.560025 0.634282 0.097772 0.131188
0.000000 0.668936 0.636139 0.090347 0.132426
6.000000 0.783416 0.637376 0.101485 0.137376
